-0.35611984 -0.850367 -0.43264464 0.8926205 -0.42849475 
-0.26462564 -0.83634216 -0.7233692 -0.28869578 -0.9183756 
-0.22846004 0.15523513 0.9797135 0.33798203 0.77022344 
0.10909848 0.7667677 -0.9658441 -0.9153401 -0.78739965 
-0.0040125786 0.022240669 -0.0044746506 -0.009265192 0.0022560316 
-0.5132803 0.68667907 0.6564403 -0.55203253 -0.15091687 -0.76076263 -0.36315694 -0.51580983 
0.8810589 0.5390609 -0.8640404 -0.63081187 0.71682566 0.34416562 0.8353208 0.6537328 
-0.9209729 0.820244 -0.54678553 -0.16341881 -0.90443414 -0.618653 -0.44646156 0.49612352 
0.1357534 -0.44695604 -0.64058733 -0.4918341 -0.92658347 -0.5758606 0.56298494 -0.35697848 
0.9502646 -0.80307174 -0.03349999 0.23305957 0.49087897 0.52507204 -0.99637836 0.20173937 
0.08465272 0.06559765 0.038092583 0.03133502 0.03449533 0.011234294 0.004752924 0.025062375 
1.1069763 -0.2676804 0.41228297 -0.3939744 0.6335527 
-0.0034886408 0.9486098 1.0838604 -0.98714405 0.26223797 
-0.013320353 -0.4259405 0.76901555 -0.22658607 0.5935388 
-0.27653724 0.06601125 0.43459916 -0.64323145 0.86964804 
0.31233394 0.69756395 0.7253813 -0.112668574 -0.47765636 
0.17503072 -0.42923275 0.06268186 0.51855975 0.62659264 
-0.2977816 0.27398947 0.26900768 -0.8311095 0.05186824 
-0.17017105 0.7422466 0.7311377 0.70418835 0.44489405 
0.21386975 0.05422567 0.15671656 -0.05846614 0.118135795 
-0.51342416 1.1557609 -0.2550589 1.2817192 
0.8484131 1.5224591 -0.08938267 0.1060668 
0.94138414 -0.078848 1.6862489 1.1412994 
-0.35364637 0.622034 -0.5766761 0.35976043 
-0.092408314 -0.12364125 1.1647577 0.77099955 
0.3167626 0.8492927 1.1943773 1.1739746 

0.76580787 -0.83143127 0.32457468 -0.097770154 0.2837673 
-0.5085378 -0.25429428 0.83153313 0.8977538 -0.2166801 
1.0053881 -0.556956 -0.60013133 -0.39482328 -0.8609578 
-0.29883242 0.9284601 0.08385743 0.26601434 -0.57233244 
0.006072515 0.02000073 -0.013031516 0.028787198 0.00037798868 
-0.9727697 -0.8148464 -0.37925717 0.91129106 0.29595777 -0.5382168 -0.48765132 -0.19428825 
0.038072668 0.11054711 0.23704976 1.0161622 0.0909803 -0.03299377 0.6423176 -0.6085864 
0.39837116 -0.6159866 0.53855366 -0.7138431 0.90432096 -0.322751 0.099303745 0.36854085 
-0.9932323 -0.19216846 0.89966935 -0.69555193 0.7168125 0.6940671 -0.2242789 -0.97685903 
0.75273716 0.8242614 0.20321903 0.50910324 -0.17196573 0.89486384 -0.78786045 0.54527974 
-0.038901042 0.025767159 0.047603674 0.051855814 0.034511097 0.058023915 -0.021004584 -0.058874566 
-0.17684323 -0.32446548 -0.41459745 0.09760698 0.100801036 
-0.8471 0.2394656 0.32708725 0.96048355 -0.1588727 
-0.20759042 0.19566539 -0.43640435 0.8459763 0.8390247 
0.91325 0.8285656 0.9955978 0.3094291 -0.56186485 
-1.0043212 -0.56221265 0.535382 0.99810606 1.0154805 
-0.93042964 0.4377015 0.19859418 0.67383945 0.07316232 
-0.061480045 0.26764986 -0.2514426 -0.4798369 -0.060842596 
-0.45371348 -0.85967934 -0.6049282 -0.46254623 0.6364341 
-0.03887717 0.4174534 0.22862874 0.048272952 0.40430453 
0.44218624 -0.57027507 -0.33336464 0.7788288 
0.32903847 0.44724712 0.80787444 1.2607557 
0.055595722 1.186873 0.026767258 1.1780965 
0.5911808 0.7499209 0.04530195 0.992432 
-0.21995683 0.7939791 1.8799298 0.6383597 
0.42987218 0.6246746 1.2464899 0.8682491 
