
-0.48968196 0.56359434 -0.07951379 -0.92169476 -0.08045578 
-0.7756312 -0.9236846 -0.36024094 -0.8421595 -0.4825077 
0.2591827 0.50565124 -0.70555544 0.00070023537 -0.4130962 -0.30491567 0.7491121 0.8057196 
0.051802874 0.90070844 -0.60960364 -0.9867189 0.22019482 0.6586137 -0.11074281 0.4444034 
0.18831182 0.27775645 0.040694475 -0.042581797 -0.5886977 -0.9206052 0.88625884 0.52513075 
0.80147934 0.7466829 0.85724163 0.9940381 -0.1787312 -0.22728348 -0.5277293 -0.37499213 
-0.279835 -0.63441825 -0.2608254 -0.73511124 0.35844684 -0.59525895 -0.43187594 0.7075896 
-0.39304042 0.77338076 0.82413983 0.4365015 -0.9499669 
-0.3182993 -0.20031047 0.1987009 0.72264576 0.57729197 
-0.14392734 -0.8717954 -0.4209056 -0.70857334 -0.22215843 
0.4958341 0.19152188 -0.41355205 -0.35096288 -0.050675392 
0.19321108 0.7356641 0.09676218 0.473778 -0.831393 
0.76416826 0.08589339 0.55160785 -0.9230406 -0.49821687 
-0.031497 0.043147802 0.8371582 0.7472799 0.24373555 
0.877429 -0.20465875 -0.73157215 0.34388256 -0.5440211 
0.9119768 -0.2562852 
-0.5779524 -0.89718294 
0.7927058 -0.2846806 
-0.64908504 -0.55612993 
-0.5086689 -0.59309864 